,date,MAE out of sample,RMSE out of sample,MAE in sample,RMSE in sample,beta0,beta1,beta2,tau1
0,2020-03-02,0.20421751795961562,0.2553823211147961,0.20545440727566638,0.2571200117759993,7.015465791636975,-1.4381535009173723,-2.173856204227618,1.9580474475608451
1,2020-03-03,0.1914582428830753,0.251897003969209,0.1947876239274189,0.25551553154230544,6.952787650953798,-1.5582600525305965,-2.0761838178749414,2.4726119908992708
2,2020-03-04,0.21130586518206843,0.2518614984517732,0.21400258579927636,0.2547169185757172,6.930192337000909,-1.5517985533027798,-1.9551355917871398,3.324554852949559
3,2020-03-05,0.2396838641757166,0.3079676843642048,0.24255920038818354,0.31170402824917304,7.134189565850207,-1.7410692791240012,-2.1376133909784056,3.095434094826955
4,2020-03-06,0.15598796380766233,0.23491984649681258,0.15610229439992906,0.2363760814053341,7.189398711341138,-1.7659561150358833,-1.9191387581716013,2.3418844058670656
5,2020-03-10,0.29927120217922343,0.4934438473099157,0.29936270997429504,0.49756015056372066,7.9062634810685,-1.6075678151801327,-2.4588166457772043,2.8114485157631117
6,2020-03-11,0.2555278485252615,0.38842795484466286,0.2565741608279085,0.3917878446613813,7.755276564835608,-1.0451840117150026,-2.9900368157871062,1.6306099851208675
7,2020-03-12,0.25010567468002415,0.389193321612331,0.2503585893410554,0.39251732104855486,8.261600187703458,-0.6565511095930743,-3.287708414606394,1.2250512052299785
8,2020-03-13,0.46028505023742455,0.7384421866407836,0.45774593160914295,0.7473378636421353,8.347670172890972,-0.8925528340881018,-4.050090782748816,1.4556195591735503
9,2020-03-16,0.39379254286304644,0.6362938110213171,0.393983478013701,0.6408609514607968,8.666519223749601,-1.6279088488666411,-1.5909237265181662,3.166816580330049
10,2020-03-17,0.2478913862742335,0.3202355399183935,0.24764856912545458,0.3214364693243576,8.66363747898248,-1.838922618308986,0.004375551411910652,6.046796327208519
11,2020-03-18,0.22598327345032232,0.3031206571140424,0.22674939593403812,0.3044943598953911,8.746519609361421,-1.9506215990585187,0.008307592945768162,2.887689333417754
12,2020-03-19,0.20191831498002244,0.28475911300240414,0.2021616650661404,0.2860218234787111,8.489701783664898,-1.9757305699364123,0.008675351093129315,3.0605535937068704
13,2020-03-20,0.2685982587996641,0.46602062736791555,0.2665634900723216,0.46972808066478683,8.114756096497434,-2.2780416209558663,2.6700821302028003e-05,2.7000212509213544
14,2020-03-23,0.20968269044053164,0.26682194859337127,0.21073799209120966,0.2679213016298562,7.950816231465259,-2.1516666668751787,0.00901995602289807,2.532512427734491
15,2020-03-24,0.18966390431799302,0.24296085636390669,0.19011585877112658,0.2438166566541259,7.598049137050635,-1.6055367136566314,-0.010728735683080257,4.3431963597281875
16,2020-03-25,0.2718023265461469,0.3587434756925256,0.2729129694266153,0.3600500355603876,7.559408928820128,-1.556919675609118,-0.005347384178162685,3.7096318429390553
17,2020-03-26,0.22144689014807561,0.3136854943818855,0.2226148562466481,0.3150803463496818,7.566797415079192,-1.5289166617976941,-0.011634722097474301,5.398472074589683
18,2020-03-27,0.2869492596265119,0.4672963305124812,0.282632924766603,0.47075118719784337,7.251910231461441,-1.606052689615976,0.017439614536510613,2.495143701472399
19,2020-03-30,0.21069243194791082,0.27158591257445514,0.2116450496562772,0.27256418531048154,7.102090625404573,-1.2330684018463405,-1.9571652851139275e-06,2.660392243316446
20,2020-03-31,0.24209942312766813,0.30022957174830234,0.24323289878442228,0.30134298375497104,7.191787935074088,-1.294288827127616,-1.121883065972471e-06,5.351796475573742
21,2020-04-01,0.18325634709110292,0.23150019029977442,0.18380456907678977,0.2322920514211529,7.424262411121383,-1.4530678801085557,-1.8233571469750916e-06,7.325030610444871
